,B atypical,B memory,B naive,MK contam,NK1,NK2,NK3,Plasmablast,Progenitor,Prolif T,T4 IFN,T4 memory,T4 naive,T4 regulatory,T8 cyto1,T8 cyto2,T8 cyto3,T8 memory,T8 naive,0,1,2,3,4,5,6,7,8,9,10,11,12,13,14,15,16,17,18,19,20,21,22,23,24,25,26,27,28,29
B atypical,1.0,0.44554139979247764,0.5565474897538942,-0.5650353474384743,0.13731845644903382,-0.002728482285619014,0.07429032228481816,0.06397410990900704,-0.3503445271357967,-0.16569431497682613,-0.291635217789912,-0.5151453184410476,-0.766014300563159,-0.42312606074867887,0.07333817570314176,-0.21558982148206957,-0.1633200787307095,-0.4356372631904278,-0.6011956525384208,-0.1939146053913759,0.12407336065563382,-0.1343199034803055,-0.3953872398298999,0.5703772880373331,-0.516248434680598,0.1940539401153905,-0.4114268583329322,-0.7150503607646134,-0.2363461487383017,0.028318648156323522,-0.15079357407749328,0.4402447981612739,-0.17929553423784572,-0.39170072887791707,-0.05651985152550637,0.3142869289416045,0.03968516691215098,-0.24239465911151553,0.4413858268342249,-0.008582066233284497,0.17196683614503466,0.13023223626388725,-0.15120444636375363,-0.05107765556375589,-0.39131473982621007,-0.5915854917810566,0.04931411642098821,0.47432781969985854,-0.018404507685094884
B memory,0.44554139979247764,1.0,0.8099997466985344,-0.3555586715294987,-0.5075792095593514,-0.3367324539033603,-0.3713529538315873,0.2634547612020788,-0.11515086226011254,-0.27159498661636666,-0.18335372986156231,-0.34822622900740513,-0.1851498485808346,-0.15375846912685853,-0.5328845957355425,-0.47514616871199505,-0.45877225233295144,-0.45719543412088615,-0.31481934779909054,0.07330974463742726,-0.49157753081537814,0.07610283537596402,-0.30281445299619736,0.7539376323011561,-0.21301035615996272,-0.4770037283764725,-0.2862122376107903,-0.08915743942447447,-0.07957471405162331,-0.00021399858881395587,-0.39838727168245386,0.8799000642593408,-0.004591387486503449,-0.15883838432843803,-0.40570873977022925,0.13965018395586745,-0.33059194629071215,-0.30796639513832147,0.7045739803574249,-0.105285860867012,0.22415022930351813,-0.0024716826164501906,-0.3084822516608149,-0.09360269066090696,-0.11604428052962132,-0.19622294656044853,0.18627351303158968,0.4154712291588919,-0.08641423380929893
B naive,0.5565474897538942,0.8099997466985344,1.0,-0.3405448345101385,-0.5959941905745539,-0.37696251656698715,-0.45088961605015654,0.1569544454738861,-0.07367208753823754,-0.2644065794234478,-0.15553139241112413,-0.3688953883533665,-0.15728328561336533,-0.1701990175370183,-0.634569914525677,-0.5051571984115538,-0.487241884683635,-0.46494432560324794,-0.2526371967307813,0.06989007209232324,-0.5778461551385112,0.062930769646046,-0.3206103392452376,0.9538596055835588,-0.17363781435247327,-0.5584777939667291,-0.22473333061006243,-0.059145938031392044,-0.0868787637712869,-0.02183948881075951,-0.4226656787253283,0.7152714505571457,-0.0028162062904326327,-0.16148137082005798,-0.4276782989762238,0.13058949990975036,-0.3669398020574487,-0.2815634248878907,0.6345097901763238,-0.08155343369359754,0.2037932556192905,-0.012963669495873261,-0.2997706485119503,-0.09395088408874538,-0.10148033004632825,-0.16578996405891336,0.09138647308935607,0.5689236250608989,-0.036828789081358226
MK contam,-0.5650353474384743,-0.3555586715294987,-0.3405448345101385,1.0,-0.003991205374774216,0.0368419097164572,-0.038250989086515925,-0.13485451812114188,0.2982188693756197,-0.12348298938860133,0.09025524963504829,0.20530875694675094,0.6487629732857342,0.2264066387025535,-0.1749069393695782,-0.034358776542178476,0.07145248633753148,0.22267085248268612,0.4810349971654072,0.036133846985527705,-0.15768755820590022,-0.019213186529385157,0.24999018098259654,-0.3107322558274277,0.4904058387330849,-0.027967175744353166,0.4199918509791703,0.5401175849109265,0.1261693783536281,-0.06287901456484436,0.011530488194128406,-0.2897991625797156,0.039558738526443385,0.13171252730368666,0.08297775799543494,-0.17557954456096553,0.009418418970702579,0.26587178273379997,-0.36992117274829317,0.35682890232848535,-0.07651593035493418,-0.16024819751133648,-0.10214357180772464,0.11673879087176448,0.3287271270249963,0.496076973705568,-0.06448349274914196,-0.1434637953465393,0.07969775969784518
NK1,0.13731845644903382,-0.5075792095593514,-0.5959941905745539,-0.003991205374774216,1.0,0.5148441623470227,0.6006661118988581,-0.07165787509934285,-0.1743765516691657,0.21940512730306022,-0.15291911896658575,-0.21375016360159843,-0.3784561255299734,-0.24070848217755422,0.5560359705488989,0.06077468575409245,0.22677425952555702,0.03517928808549351,-0.21488735133973022,-0.13259324550184953,0.5329097459773595,-0.09159618372127251,-0.17343326137392492,-0.552886402712567,-0.267790975915638,0.9502313525504363,-0.1582889683898021,-0.4882552084317039,-0.020521512675054324,0.1349070141913067,0.031606118481701855,-0.44532929968243506,-0.07514069199997217,-0.2577137768716007,0.2349735735505717,0.10433199781115725,0.4953846932994831,-0.04375801380468151,-0.35047560925897125,0.14747830099914527,-0.03551432591167611,0.17608955211205848,0.19479494024549274,0.03132789285710792,-0.24109286424410672,-0.34476374542477745,-0.06671376125471636,-0.23329181826955542,0.04108502197162214
NK2,-0.002728482285619014,-0.3367324539033603,-0.37696251656698715,0.0368419097164572,0.5148441623470227,1.0,0.25249986407167946,-0.08383494883540969,-0.05930103619808442,0.09616279933487296,-0.06502915527626729,-0.08219670898301341,-0.20169409019922996,-0.13096820539919887,0.18624763657383311,0.19457053737528168,0.25468185799506676,0.03900630249789831,-0.1070640265795475,-0.058050628042457406,0.1843885514117005,-0.02199925862611772,-0.07317099232335639,-0.3596561930631402,-0.15268235298583752,0.4877193637852372,-0.08138174154245068,-0.25253173754985553,0.008890379032274343,0.05400177851598616,0.15650461854055472,-0.3066174975219395,-0.01408973236656397,-0.15838728010879027,0.2652889736619128,0.05253749907585769,0.939412779633039,-0.03535178207888706,-0.2419112877378565,0.11903071184276312,-0.05880472444897443,0.07330877051760935,0.07138171630550538,0.02496220487947932,-0.13190285021222753,-0.1841565684927932,-0.06336309602494558,-0.17737517165594918,0.054647539543863664
NK3,0.07429032228481816,-0.3713529538315873,-0.45088961605015654,-0.038250989086515925,0.6006661118988581,0.25249986407167946,1.0,-0.010610955427916945,-0.13993294566410436,0.1679547894238833,-0.1067796543495963,-0.12543807148126818,-0.27241948543221506,-0.17419024817080198,0.46481067001979715,0.10532275223112629,0.16239636645418803,0.05890838744539254,-0.12467598745198913,-0.10311773118360452,0.4591594017153233,-0.08668327813798316,-0.09200581212125387,-0.40960642492872573,-0.1710321976062755,0.6062374432110832,-0.08067746018394702,-0.345559358812072,-0.023415171097424296,0.07758825879797228,0.0957268447667624,-0.3235707227628803,-0.07165001201386625,-0.1670867980658623,0.17129278453743288,0.06150042183872523,0.2562395947576757,0.011598241062056478,-0.25177284538874034,0.027656683352248728,-0.04076302577863907,0.09656573029572028,0.1595405564308713,0.5008637935131308,-0.17691115546434621,-0.23352778383418019,-0.025502226942906988,-0.2133460788982597,0.012338396293543304
Plasmablast,0.06397410990900704,0.2634547612020788,0.1569544454738861,-0.13485451812114188,-0.07165787509934285,-0.08383494883540969,-0.010610955427916945,1.0,0.002648470458785437,0.10501511589916272,-0.055109141732594555,-0.16597084506488347,-0.10759815933079879,0.01521482742431717,-0.07626247488946138,-0.12183078427544784,-0.1065318259535821,-0.12234115959790871,-0.15630813819128783,-0.04057744949496544,-0.05635886952658877,0.006813473580648283,-0.10428284875724751,0.14766588934165767,-0.08933090697430386,-0.06297089012848044,-0.10053862305808334,-0.041017988741662,-0.017315745967004515,-0.052346771233614385,-0.074179983338894,0.2500806261007043,-0.02818943656089885,-0.01814848366676709,-0.08148743752873051,-0.055291688407240566,-0.0929683265411097,-0.08469997033770432,0.04071078525364946,-0.06389454197832767,0.2803726089398804,-0.07872048797690555,0.07891957889967731,4.178757006272937e-05,-0.0807913839359366,-0.0795606905991522,0.828668831355076,0.01970086827644134,0.044727195012890436
Progenitor,-0.3503445271357967,-0.11515086226011254,-0.07367208753823754,0.2982188693756197,-0.1743765516691657,-0.05930103619808442,-0.13993294566410436,0.002648470458785437,1.0,-0.03177189438748733,0.15797641876696814,0.10725237871777928,0.3934621566109969,0.12924280604723443,-0.20950518880184898,-0.06258281805854012,-0.07321020892040639,0.10271153932948532,0.29303513139664267,0.09146641771268388,-0.20348511135702338,0.056220147467019074,0.08133066088788311,-0.08063457882392693,0.28457102693812236,-0.187721582528025,0.21531264614267182,0.45050453147435965,0.10570825864797662,-0.0018662765786031483,-0.05933768401853704,-0.11777417874997245,0.08562511356379142,0.12414188068235478,-0.10788931752602035,-0.1359162202447343,-0.08210910463719144,0.09838758138966672,-0.09686759343197247,0.005038800161970204,0.035337449035282416,-0.061572958010098724,-0.0316794227480937,0.013274530416844791,0.18817120858450048,0.31879311776985353,0.006800774895657323,-0.04657205063134371,0.27670764997534036
Prolif T,-0.16569431497682613,-0.27159498661636666,-0.2644065794234478,-0.12348298938860133,0.21940512730306022,0.09616279933487296,0.1679547894238833,0.10501511589916272,-0.03177189438748733,1.0,0.022951897124883817,-0.018335270557078426,-0.09983852186429581,0.0049459816408722,0.2779616764560381,0.18272740183929137,0.09688611275968737,0.03059961724065114,-0.11765850470249122,-0.10655791341316216,0.27371816974853563,-0.05961866892131023,0.03239355813830056,-0.24155058704120613,-0.039194162441611564,0.22169853291304722,-0.0067161724927434115,-0.048845379240830676,-0.048311345328706644,-0.015627302883183154,0.1807738673134998,-0.22217963051504136,-0.06690979223023528,-0.0010555475196203036,0.1358789875859082,-0.034088451489340886,0.09706213975053919,0.044223961763690665,-0.16482821308158235,-0.01468103643446061,-0.03742215904726243,-0.027557834294594994,0.8939159114622685,0.04644071011730741,-0.038904819353757836,-0.04490114168742559,0.05060618306604289,-0.28699596030239904,0.11964813291452484
T4 IFN,-0.291635217789912,-0.18335372986156231,-0.15553139241112413,0.09025524963504829,-0.15291911896658575,-0.06502915527626729,-0.1067796543495963,-0.055109141732594555,0.15797641876696814,0.022951897124883817,1.0,0.2984909993718253,0.268684272821482,0.24273536918679559,-0.07668887749085812,0.06562939109523719,0.012916975021253838,0.11560974030974104,0.2251639789694849,-0.012729797251420125,-0.09403427531058738,0.2540779664120507,0.1311463718820597,-0.19506452588427248,0.1498581836612314,-0.1683964659553194,0.10121299725803438,0.2898016575682006,0.1934034886829287,0.11202621381382567,-0.014896683589433418,-0.22841996000445722,0.13883157295961057,0.3169075838668425,-0.056649163712800675,-0.32559558932937965,-0.12407231916051957,0.08243439552123008,-0.11622494400431013,-0.020896792232775768,-0.11728807182402053,0.19773907141201938,-0.02178960545292614,-0.06028351840418754,0.1061522674902758,0.21739939632576802,-0.08676143981914636,-0.11580918178686378,-0.02986436959735079
T4 memory,-0.5151453184410476,-0.34822622900740513,-0.3688953883533665,0.20530875694675094,-0.21375016360159843,-0.08219670898301341,-0.12543807148126818,-0.16597084506488347,0.10725237871777928,-0.018335270557078426,0.2984909993718253,1.0,0.37744278259218184,0.4892206238930651,-0.038964297279737825,0.2640217708095554,0.25650549802830336,0.3079441645359109,0.10647443665524256,0.08119894977309457,-0.1007966990916319,0.05147117387058927,0.7874159328642456,-0.37344187827147063,0.34632112284658406,-0.24214630713532656,0.07353037386142468,0.3964740914095495,0.11850182458023874,-0.030756607124468895,0.20063150575343136,-0.33306320184530797,0.11584302108584045,0.519898851386669,0.16799335415954852,-0.2246244807020109,-0.09864430258602162,0.33429242859803404,-0.29787130072008333,-0.06330562263673048,-0.174103945987196,-0.07050352633680494,0.016966368993690153,-0.027676142536730043,0.3172052237462187,0.392898184471926,-0.11292238396467298,-0.29757088628527517,-0.05055003334758103
T4 naive,-0.766014300563159,-0.1851498485808346,-0.15728328561336533,0.6487629732857342,-0.3784561255299734,-0.20169409019922996,-0.27241948543221506,-0.10759815933079879,0.3934621566109969,-0.09983852186429581,0.268684272821482,0.37744278259218184,1.0,0.33494332009808525,-0.4371499683096171,-0.14679722584641522,-0.10551453717628263,0.23505171258893937,0.5297685221065027,0.1910219368939433,-0.4365977905536712,0.11689225640297614,0.30209697623818366,-0.16599095863298827,0.7002542692119165,-0.4071282220140951,0.34079387704769554,0.9058349930820191,0.20554161083265396,-0.047907766589180834,-0.1282411382949624,-0.18145863296095976,0.15653027992359364,0.3028630316999206,-0.18990636230193242,-0.26337413698092377,-0.22244725311913882,0.2519217553302847,-0.2572570931923392,0.017473759074603797,-0.11483412477935673,-0.1462510439808947,-0.08918509348520481,0.0714522561208604,0.4822113680893372,0.7104155002826985,-0.06190937091565542,-0.15493315800924928,0.04046810920229078
T4 regulatory,-0.42312606074867887,-0.15375846912685853,-0.1701990175370183,0.2264066387025535,-0.24070848217755422,-0.13096820539919887,-0.17419024817080198,0.01521482742431717,0.12924280604723443,0.0049459816408722,0.24273536918679559,0.4892206238930651,0.33494332009808525,1.0,-0.1601987116752598,0.07038983852168106,-0.018079045950509957,0.15956247185043912,0.1372441726704602,0.05260162899814864,-0.17224084491658118,0.018220243224353682,0.4165001382698844,-0.17611320367173217,0.30188250935053507,-0.25317138048885557,0.12106797522576078,0.3354835553775664,0.06806099144606141,-0.042740842920036264,0.07030295487032018,-0.14804458010549668,0.05095565238934661,0.8971343160587733,-0.03952219769482869,-0.1544930161464385,-0.14453733560734994,0.26057156021298905,-0.1318787181865946,0.0391701523808376,-0.09721497115929774,-0.090792327600291,0.03227916914065054,-0.003448478051262907,0.280500949214572,0.33408717941087623,0.0287761032210459,-0.1433100613366703,0.0008345876480117481
T8 cyto1,0.07333817570314176,-0.5328845957355425,-0.634569914525677,-0.1749069393695782,0.5560359705488989,0.18624763657383311,0.46481067001979715,-0.07626247488946138,-0.20950518880184898,0.2779616764560381,-0.07668887749085812,-0.038964297279737825,-0.4371499683096171,-0.1601987116752598,1.0,0.5055292492984997,0.36262879880702714,0.22356032388966504,-0.1344356999641285,-0.1881196934103563,0.9286861683176344,-0.14463420262903567,0.004114301891612206,-0.5857193494600026,-0.250461627247441,0.577517539381164,-0.0363102464527776,-0.4834353681801619,-0.06858042903494513,-0.006556153999175288,0.43185157593495876,-0.4491267904129246,-0.12156515150755513,-0.13183102679623973,0.3822725910631942,0.09693608317875867,0.22517334637399536,0.07647477439672365,-0.34004674106215416,0.02140861814724521,-0.10396088028661599,0.058130285835864055,0.3308933057027066,0.02444433564763154,-0.21914858409489693,-0.2941613806283308,-0.049011626973212305,-0.30435411765541676,0.0008566469717336046
T8 cyto2,-0.21558982148206957,-0.47514616871199505,-0.5051571984115538,-0.034358776542178476,0.06077468575409245,0.19457053737528168,0.10532275223112629,-0.12183078427544784,-0.06258281805854012,0.18272740183929137,0.06562939109523719,0.2640217708095554,-0.14679722584641522,0.07038983852168106,0.5055292492984997,1.0,0.571890274845452,0.3489348274304511,0.09787124430827376,-0.09711595265707419,0.49769451661707037,-0.11865184545229583,0.24525787013769734,-0.4735192316753032,0.0016341590951318224,0.08556736993452738,0.16936480325028327,-0.11608351848857182,-0.061549094989993273,-0.10918914925849488,0.8769858627290555,-0.39622156923247565,-0.07688762454614712,0.10625906480953835,0.5777334086511517,-0.03180294062119494,0.22895787183436112,0.2178627737496812,-0.2950954363958536,-0.03582674926146894,-0.14759814078539515,-0.0891970531148807,0.24327830832986522,-0.0031992342681112724,0.02136598216700567,0.025498470730293127,-0.05515539046255909,-0.3138663511147735,-0.021021749854028757
T8 cyto3,-0.1633200787307095,-0.45877225233295144,-0.487241884683635,0.07145248633753148,0.22677425952555702,0.25468185799506676,0.16239636645418803,-0.1065318259535821,-0.07321020892040639,0.09688611275968737,0.012916975021253838,0.25650549802830336,-0.10551453717628263,-0.018079045950509957,0.36262879880702714,0.571890274845452,1.0,0.24393947259269153,-0.019450082162772046,-0.11905990574226644,0.36085971719883553,-0.12183458913306139,0.25657162903109626,-0.4460414244826586,0.01080269248587971,0.23200482335920283,0.054009155837824084,-0.1368912077553898,-0.052659909273164,-0.06726312306201944,0.5165115798277797,-0.3673328992459275,-0.0507709939177852,0.007724260627732886,0.8947891529259274,-0.035128027217047185,0.2942451306741719,0.1910985416865044,-0.3176784695819282,0.0029680147617023086,-0.11507841798896623,-0.04057558183672452,0.1791931934805895,-0.0006563892166695062,0.015300797684405938,-0.006748396837893939,-0.039577005913886375,-0.25549005669580904,-0.0352426490830074
T8 memory,-0.4356372631904278,-0.45719543412088615,-0.46494432560324794,0.22267085248268612,0.03517928808549351,0.03900630249789831,0.05890838744539254,-0.12234115959790871,0.10271153932948532,0.03059961724065114,0.11560974030974104,0.3079441645359109,0.23505171258893937,0.15956247185043912,0.22356032388966504,0.3489348274304511,0.24393947259269153,1.0,0.28730666290741624,0.02682081268368974,0.2142213123051109,-0.035792614166814674,0.2895742602389659,-0.4415302457974341,0.25972373458421255,0.024132709388388494,0.2668127095914091,0.25682740954974936,0.058848521987631394,-0.06840441245033228,0.31528558756359604,-0.4041208207776079,0.023942439648691693,0.19976234480337782,0.20218964210962753,-0.10428902231781445,0.04464982828305109,0.2386705817305097,-0.34447738640274894,-0.0035038260306461807,-0.13090957452047997,-0.09391860873088054,0.0731243105844143,0.05066098533870582,0.1908647639308001,0.26777695119100164,-0.03928969779145029,-0.2833125755387458,0.004495590351994169
T8 naive,-0.6011956525384208,-0.31481934779909054,-0.2526371967307813,0.4810349971654072,-0.21488735133973022,-0.1070640265795475,-0.12467598745198913,-0.15630813819128783,0.29303513139664267,-0.11765850470249122,0.2251639789694849,0.10647443665524256,0.5297685221065027,0.1372441726704602,-0.1344356999641285,0.09787124430827376,-0.019450082162772046,0.28730666290741624,1.0,0.09279463249215929,-0.13318998734521703,0.055968596910137884,0.0844772743450272,-0.24909914741655828,0.3493034387418951,-0.2313852857701784,0.7660415097744574,0.5167586546477155,0.12263856889051351,-0.03314628640177361,0.08118748292040381,-0.28431880525613223,0.10828068863991934,0.1298628484029898,-0.08566696367522386,-0.2297238658201682,-0.1144669202185254,0.17192361793656652,-0.27567628437349123,-0.016613428269011195,-0.12378615174318056,-0.07829262241846703,-0.07282284887882186,0.05006927899781442,0.25089481819334825,0.4909073296392974,-0.08660051567902335,-0.18859687658740362,0.04086681936199872
0,-0.1939146053913759,0.07330974463742726,0.06989007209232324,0.036133846985527705,-0.13259324550184953,-0.058050628042457406,-0.10311773118360452,-0.04057744949496544,0.09146641771268388,-0.10655791341316216,-0.012729797251420125,0.08119894977309457,0.1910219368939433,0.05260162899814864,-0.1881196934103563,-0.09711595265707419,-0.11905990574226644,0.02682081268368974,0.09279463249215929,1.0,-0.47473049912532744,0.8516115019227617,-0.42971847048107914,-0.1599760575870265,-0.4420545205382886,-0.3711289567381628,-0.4704326460058981,0.042822340666041854,0.7700371152554158,0.22942857243512757,-0.4776328281441525,-0.31838634495253704,0.7286499003502503,-0.19157976508222258,-0.44119949988352963,-0.05732253468783344,-0.30307980282817615,-0.7694965341788613,-0.1265582241343251,0.025441037199212212,-0.09030418849362278,0.23414497270850546,-0.42770973534493234,-0.08757207307366444,-0.018413339390118837,-0.32627567481503594,-0.33240149226536336,0.041631097465451135,-0.2780528513004707
1,0.12407336065563382,-0.49157753081537814,-0.5778461551385112,-0.15768755820590022,0.5329097459773595,0.1843885514117005,0.4591594017153233,-0.05635886952658877,-0.20348511135702338,0.27371816974853563,-0.09403427531058738,-0.1007966990916319,-0.4365977905536712,-0.17224084491658118,0.9286861683176344,0.49769451661707037,0.36085971719883553,0.2142213123051109,-0.13318998734521703,-0.47473049912532744,1.0,-0.44127966520877343,0.13328933037895416,-0.46406831152042965,-0.05903830399895487,0.6428679388073796,0.14811743554219498,-0.4284675511311929,-0.36228357503247455,-0.11952889187895549,0.5704833897325698,-0.2882691985137957,-0.39964991821937657,-0.06588249082476173,0.4978977844425439,0.156884680031431,0.3083358849596521,0.3334879823121716,-0.26446913208917333,0.008020853700460883,-0.060352514796813424,-0.06829503944945074,0.4359473835886024,0.07538443782175677,-0.15278942602887782,-0.13797798625337293,0.0770423217811512,-0.299160459022432,0.0952557293304138
2,-0.1343199034803055,0.07610283537596402,0.062930769646046,-0.019213186529385157,-0.09159618372127251,-0.02199925862611772,-0.08668327813798316,0.006813473580648283,0.056220147467019074,-0.05961866892131023,0.2540779664120507,0.05147117387058927,0.11689225640297614,0.018220243224353682,-0.14463420262903567,-0.11865184545229583,-0.12183458913306139,-0.035792614166814674,0.055968596910137884,0.8516115019227617,-0.44127966520877343,1.0,-0.515480374970325,-0.17990519653938272,-0.5546200721472814,-0.3382843108033083,-0.5373779746868861,-0.05691625194000344,0.90134069258273,0.35146704088615405,-0.5215619162556164,-0.342119264868382,0.8324412000183917,-0.2191974638899183,-0.45557101636364516,-0.19378036726703005,-0.29932347970457834,-0.8326881168636165,-0.12181913632902075,-0.01241743669583712,-0.11439843392099652,0.4237148780486825,-0.41278789310198133,-0.13670040425430838,-0.2247271286668039,-0.4222976399317882,-0.3335238126424989,0.10161358645712419,-0.3295068587616589
3,-0.3953872398298999,-0.30281445299619736,-0.3206103392452376,0.24999018098259654,-0.17343326137392492,-0.07317099232335639,-0.09200581212125387,-0.10428284875724751,0.08133066088788311,0.03239355813830056,0.1311463718820597,0.7874159328642456,0.30209697623818366,0.4165001382698844,0.004114301891612206,0.24525787013769734,0.25657162903109626,0.2895742602389659,0.0844772743450272,-0.42971847048107914,0.13328933037895416,-0.515480374970325,1.0,-0.19444201550823037,0.654213851704278,-0.05513972029491757,0.41294209692348627,0.4171312252746961,-0.40225334545885666,-0.2943198287306694,0.4483400670063378,-0.05116954226815321,-0.3985766394770754,0.5713390573968585,0.39687295417414503,-0.12211512325531111,0.06806205496123693,0.7815200658357051,-0.17509098677101614,-0.00965108225576617,-0.09929108976127199,-0.3756935319229782,0.26865655358846874,0.05687792269533193,0.4160748708854347,0.6238623410163384,0.14331872468310572,-0.28488154107435576,0.1466684910207418
4,0.5703772880373331,0.7539376323011561,0.9538596055835588,-0.3107322558274277,-0.552886402712567,-0.3596561930631402,-0.40960642492872573,0.14766588934165767,-0.08063457882392693,-0.24155058704120613,-0.19506452588427248,-0.37344187827147063,-0.16599095863298827,-0.17611320367173217,-0.5857193494600026,-0.4735192316753032,-0.4460414244826586,-0.4415302457974341,-0.24909914741655828,-0.1599760575870265,-0.46406831152042965,-0.17990519653938272,-0.19444201550823037,1.0,-0.030516066967781585,-0.46548665824355057,-0.08223021647707827,-0.046265938983284766,-0.29130164495849337,-0.1153552769466344,-0.2960110258598405,0.791699636079766,-0.21161191798879986,-0.11282743527978077,-0.31337416566110315,0.14101462554914748,-0.2880952869424118,-0.06539943097242899,0.6457132161804663,-0.07497353104992219,0.20544063024725331,-0.12405941595208901,-0.18757221429653717,-0.04738080125124185,-0.04612575440989302,-0.056471663361412,0.17532025006520313,0.5759043510360915,0.04820685167917245
5,-0.516248434680598,-0.21301035615996272,-0.17363781435247327,0.4904058387330849,-0.267790975915638,-0.15268235298583752,-0.1710321976062755,-0.08933090697430386,0.28457102693812236,-0.039194162441611564,0.1498581836612314,0.34632112284658406,0.7002542692119165,0.30188250935053507,-0.250461627247441,0.0016341590951318224,0.01080269248587971,0.25972373458421255,0.3493034387418951,-0.4420545205382886,-0.05903830399895487,-0.5546200721472814,0.654213851704278,-0.030516066967781585,1.0,-0.12769532542286433,0.6347566413579653,0.7715084854142118,-0.42272413916913176,-0.3350364580338667,0.27521914811304415,0.06463689946282053,-0.4316923771204214,0.460093887300684,0.17155181056626304,-0.1357902673919523,0.013763624903352008,0.8146533010324507,-0.1313786733277787,0.04579256701890723,-0.04132074446431807,-0.4346957937343843,0.21195821711694735,0.12890743431272875,0.532233700077881,0.8834295981224586,0.18122230401800393,-0.18219057988341356,0.24335026502629095
6,0.1940539401153905,-0.4770037283764725,-0.5584777939667291,-0.027967175744353166,0.9502313525504363,0.4877193637852372,0.6062374432110832,-0.06297089012848044,-0.187721582528025,0.22169853291304722,-0.1683964659553194,-0.24214630713532656,-0.4071282220140951,-0.25317138048885557,0.577517539381164,0.08556736993452738,0.23200482335920283,0.024132709388388494,-0.2313852857701784,-0.3711289567381628,0.6428679388073796,-0.3382843108033083,-0.05513972029491757,-0.46548665824355057,-0.12769532542286433,1.0,-0.0212144671111857,-0.4688137981563745,-0.2577245183793717,0.013904476522585288,0.16526062531579885,-0.3197400045870724,-0.2995233352239571,-0.20180987791683647,0.3337829145702577,0.17807083928023468,0.5563907989041808,0.16905529368095484,-0.28720300380541713,0.1344397700463781,-0.002634720242073314,0.056852808651499505,0.2959961698798755,0.08257625381396469,-0.1927008168187419,-0.23427768318247774,0.027619056007837837,-0.23538672695314183,0.13196457984612295
7,-0.4114268583329322,-0.2862122376107903,-0.22473333061006243,0.4199918509791703,-0.1582889683898021,-0.08138174154245068,-0.08067746018394702,-0.10053862305808334,0.21531264614267182,-0.0067161724927434115,0.10121299725803438,0.07353037386142468,0.34079387704769554,0.12106797522576078,-0.0363102464527776,0.16936480325028327,0.054009155837824084,0.2668127095914091,0.7660415097744574,-0.4704326460058981,0.14811743554219498,-0.5373779746868861,0.41294209692348627,-0.08223021647707827,0.6347566413579653,-0.0212144671111857,1.0,0.46483111340958355,-0.42355795857821255,-0.32019759256749003,0.4031425482411759,-0.007055843680705466,-0.4278616746986556,0.26145418437377393,0.23101339439960142,-0.13436047324907047,0.07115176562211037,0.6701911338808085,-0.14578457206317819,0.019464216337332963,-0.05896997362853452,-0.38679391462868,0.23873748819569343,0.1045232579660819,0.32972057199011606,0.6779495428165621,0.15345444231305438,-0.17952594211973547,0.24014618816267358
8,-0.7150503607646134,-0.08915743942447447,-0.059145938031392044,0.5401175849109265,-0.4882552084317039,-0.25253173754985553,-0.345559358812072,-0.041017988741662,0.45050453147435965,-0.048845379240830676,0.2898016575682006,0.3964740914095495,0.9058349930820191,0.3354835553775664,-0.4834353681801619,-0.11608351848857182,-0.1368912077553898,0.25682740954974936,0.5167586546477155,0.042822340666041854,-0.4284675511311929,-0.05691625194000344,0.4171312252746961,-0.046265938983284766,0.7715084854142118,-0.4688137981563745,0.46483111340958355,1.0,0.006606575896944003,-0.1227744918623016,-0.026864164551596254,-0.04143306086220192,0.004576656617744034,0.3999987535299336,-0.14260999846848435,-0.22200328503071615,-0.22757878680979896,0.37470818000344513,-0.14772580655189538,-0.00012761788988015953,-0.055871279034415244,-0.23007964752940308,0.0006746505970583661,0.04370892663490258,0.5190589942281911,0.8089646756399558,0.03637002317464082,-0.21372796689644724,0.1268190225657601
9,-0.2363461487383017,-0.07957471405162331,-0.0868787637712869,0.1261693783536281,-0.020521512675054324,0.008890379032274343,-0.023415171097424296,-0.017315745967004515,0.10570825864797662,-0.048311345328706644,0.1934034886829287,0.11850182458023874,0.20554161083265396,0.06806099144606141,-0.06858042903494513,-0.061549094989993273,-0.052659909273164,0.058848521987631394,0.12263856889051351,0.7700371152554158,-0.36228357503247455,0.90134069258273,-0.40225334545885666,-0.29130164495849337,-0.42272413916913176,-0.2577245183793717,-0.42355795857821255,0.006606575896944003,1.0,0.13343770085864146,-0.44152440293480444,-0.42498479077993023,0.8707520235272108,-0.16817769689451378,-0.37090103709703526,-0.19692116970538198,-0.2436804713605152,-0.6863340799168237,-0.2381923071296299,0.006250291418201553,-0.14277251311964004,0.19236631300126403,-0.3490110639024005,-0.055909780796134324,-0.17896363215312855,-0.3181265471590303,-0.29918789453809336,0.1340076983991413,-0.2672105531913421
10,0.028318648156323522,-0.00021399858881395587,-0.02183948881075951,-0.06287901456484436,0.1349070141913067,0.05400177851598616,0.07758825879797228,-0.052346771233614385,-0.0018662765786031483,-0.015627302883183154,0.11202621381382567,-0.030756607124468895,-0.047907766589180834,-0.042740842920036264,-0.006556153999175288,-0.10918914925849488,-0.06726312306201944,-0.06840441245033228,-0.03314628640177361,0.22942857243512757,-0.11952889187895549,0.35146704088615405,-0.2943198287306694,-0.1153552769466344,-0.3350364580338667,0.013904476522585288,-0.32019759256749003,-0.1227744918623016,0.13343770085864146,1.0,-0.25039683289661113,-0.20506254424741183,0.21607566272823103,-0.14782464770852585,-0.2098324704943571,-0.2474546273019695,-0.08054307773027693,-0.41229746962026265,-0.03237648193899673,-0.02872185616267646,-0.15542525753380995,0.9329273715778625,-0.21149104708403954,-0.130448550431191,-0.18935343004598068,-0.277908635204768,-0.23291621361598747,-0.18594420336791603,-0.18328344651709538
11,-0.15079357407749328,-0.39838727168245386,-0.4226656787253283,0.011530488194128406,0.031606118481701855,0.15650461854055472,0.0957268447667624,-0.074179983338894,-0.05933768401853704,0.1807738673134998,-0.014896683589433418,0.20063150575343136,-0.1282411382949624,0.07030295487032018,0.43185157593495876,0.8769858627290555,0.5165115798277797,0.31528558756359604,0.08118748292040381,-0.4776328281441525,0.5704833897325698,-0.5215619162556164,0.4483400670063378,-0.2960110258598405,0.27521914811304415,0.16526062531579885,0.4031425482411759,-0.026864164551596254,-0.44152440293480444,-0.25039683289661113,1.0,-0.15421089368423901,-0.44608231710899177,0.20791078735946603,0.6811163570633982,0.04034420564133141,0.30642224059364853,0.5622951521139717,-0.19335112485012762,-0.026102264088454005,-0.08293668327947694,-0.26587801882021656,0.38380929716512946,0.06150448562149923,0.12059445184274135,0.245328154998,0.10457677357784093,-0.294093073835135,0.11711179157017591
12,0.4402447981612739,0.8799000642593408,0.7152714505571457,-0.2897991625797156,-0.44532929968243506,-0.3066174975219395,-0.3235707227628803,0.2500806261007043,-0.11777417874997245,-0.22217963051504136,-0.22841996000445722,-0.33306320184530797,-0.18145863296095976,-0.14804458010549668,-0.4491267904129246,-0.39622156923247565,-0.3673328992459275,-0.4041208207776079,-0.28431880525613223,-0.31838634495253704,-0.2882691985137957,-0.342119264868382,-0.05116954226815321,0.791699636079766,0.06463689946282053,-0.3197400045870724,-0.007055843680705466,-0.04143306086220192,-0.42498479077993023,-0.20506254424741183,-0.15421089368423901,1.0,-0.3547992769892996,-0.047620367022192155,-0.1850103529692811,0.13834113997881847,-0.1859983298658428,0.09412871469251108,0.6690329960337296,-0.08014881090261113,0.2183727745082283,-0.2365981479318837,-0.09012061577811804,-0.02788528657150392,-0.013933413869346734,0.02345058065684199,0.3316608921449868,0.40177426459584037,0.06576060324872593
13,-0.17929553423784572,-0.004591387486503449,-0.0028162062904326327,0.039558738526443385,-0.07514069199997217,-0.01408973236656397,-0.07165001201386625,-0.02818943656089885,0.08562511356379142,-0.06690979223023528,0.13883157295961057,0.11584302108584045,0.15653027992359364,0.05095565238934661,-0.12156515150755513,-0.07688762454614712,-0.0507709939177852,0.023942439648691693,0.10828068863991934,0.7286499003502503,-0.39964991821937657,0.8324412000183917,-0.3985766394770754,-0.21161191798879986,-0.4316923771204214,-0.2995233352239571,-0.4278616746986556,0.004576656617744034,0.8707520235272108,0.21607566272823103,-0.44608231710899177,-0.3547992769892996,1.0,-0.16987538887115877,-0.3729062596171055,-0.21760394372085787,-0.25063306647453726,-0.6901333581267645,-0.1662411325464907,-0.010982531517300354,-0.12099726427848664,0.2975690516317838,-0.3586808716807621,-0.08798005624409484,-0.16221386589136044,-0.3305402563308811,-0.29379885297191866,0.06021098605185781,-0.25864138576053414
14,-0.39170072887791707,-0.15883838432843803,-0.16148137082005798,0.13171252730368666,-0.2577137768716007,-0.15838728010879027,-0.1670867980658623,-0.01814848366676709,0.12414188068235478,-0.0010555475196203036,0.3169075838668425,0.519898851386669,0.3028630316999206,0.8971343160587733,-0.13183102679623973,0.10625906480953835,0.007724260627732886,0.19976234480337782,0.1298628484029898,-0.19157976508222258,-0.06588249082476173,-0.2191974638899183,0.5713390573968585,-0.11282743527978077,0.460093887300684,-0.20180987791683647,0.26145418437377393,0.3999987535299336,-0.16817769689451378,-0.14782464770852585,0.20791078735946603,-0.047620367022192155,-0.16987538887115877,1.0,0.0677469909285063,-0.13887342314087528,-0.09037440776140351,0.48749319368032495,-0.0969494092064821,-0.016185080783179876,-0.0806515382797728,-0.19000392171474148,0.13071912847993306,0.005626680022599102,0.31240358238048127,0.48181434156040787,0.05510317572479646,-0.1819927853529054,0.08620963134509851
15,-0.05651985152550637,-0.40570873977022925,-0.4276782989762238,0.08297775799543494,0.2349735735505717,0.2652889736619128,0.17129278453743288,-0.08148743752873051,-0.10788931752602035,0.1358789875859082,-0.056649163712800675,0.16799335415954852,-0.18990636230193242,-0.03952219769482869,0.3822725910631942,0.5777334086511517,0.8947891529259274,0.20218964210962753,-0.08566696367522386,-0.44119949988352963,0.4978977844425439,-0.45557101636364516,0.39687295417414503,-0.31337416566110315,0.17155181056626304,0.3337829145702577,0.23101339439960142,-0.14260999846848435,-0.37090103709703526,-0.2098324704943571,0.6811163570633982,-0.1850103529692811,-0.3729062596171055,0.0677469909285063,1.0,0.04288693989223992,0.3883030707009608,0.4511230515276055,-0.2283993401961267,0.010407270216603573,-0.07399425179305852,-0.20778213719849498,0.31205283162459263,0.05116789002973021,0.053326712503397065,0.11174672377146554,0.0693240095277533,-0.25312451108569495,0.08663255005959933
16,0.3142869289416045,0.13965018395586745,0.13058949990975036,-0.17557954456096553,0.10433199781115725,0.05253749907585769,0.06150042183872523,-0.055291688407240566,-0.1359162202447343,-0.034088451489340886,-0.32559558932937965,-0.2246244807020109,-0.26337413698092377,-0.1544930161464385,0.09693608317875867,-0.03180294062119494,-0.035128027217047185,-0.10428902231781445,-0.2297238658201682,-0.05732253468783344,0.156884680031431,-0.19378036726703005,-0.12211512325531111,0.14101462554914748,-0.1357902673919523,0.17807083928023468,-0.13436047324907047,-0.22200328503071615,-0.19692116970538198,-0.2474546273019695,0.04034420564133141,0.13834113997881847,-0.21760394372085787,-0.13887342314087528,0.04288693989223992,1.0,0.11794537288008264,-0.038796206101636185,0.14920703467508561,-0.011205372423144871,0.13318766384461753,-0.20199876042817974,-0.014645366838937492,-0.037176402079190866,-0.12789015188465314,-0.17076894560311506,-0.06220016073111427,0.010840063169068501,0.031081123637747548
17,0.03968516691215098,-0.33059194629071215,-0.3669398020574487,0.009418418970702579,0.4953846932994831,0.939412779633039,0.2562395947576757,-0.0929683265411097,-0.08210910463719144,0.09706213975053919,-0.12407231916051957,-0.09864430258602162,-0.22244725311913882,-0.14453733560734994,0.22517334637399536,0.22895787183436112,0.2942451306741719,0.04464982828305109,-0.1144669202185254,-0.30307980282817615,0.3083358849596521,-0.29932347970457834,0.06806205496123693,-0.2880952869424118,0.013763624903352008,0.5563907989041808,0.07115176562211037,-0.22757878680979896,-0.2436804713605152,-0.08054307773027693,0.30642224059364853,-0.1859983298658428,-0.25063306647453726,-0.09037440776140351,0.3883030707009608,0.11794537288008264,1.0,0.20545305610405165,-0.19247294749031765,0.10730604484036203,-0.03035717958373713,-0.06583158938063635,0.18967761937831798,0.056643429894603824,-0.07456244138276916,-0.05339488564766344,0.027266107669779854,-0.18481666494245383,0.13380888515033798
18,-0.24239465911151553,-0.30796639513832147,-0.2815634248878907,0.26587178273379997,-0.04375801380468151,-0.03535178207888706,0.011598241062056478,-0.08469997033770432,0.09838758138966672,0.044223961763690665,0.08243439552123008,0.33429242859803404,0.2519217553302847,0.26057156021298905,0.07647477439672365,0.2178627737496812,0.1910985416865044,0.2386705817305097,0.17192361793656652,-0.7694965341788613,0.3334879823121716,-0.8326881168636165,0.7815200658357051,-0.06539943097242899,0.8146533010324507,0.16905529368095484,0.6701911338808085,0.37470818000344513,-0.6863340799168237,-0.41229746962026265,0.5622951521139717,0.09412871469251108,-0.6901333581267645,0.48749319368032495,0.4511230515276055,-0.038796206101636185,0.20545305610405165,1.0,-0.098569591304707,0.02372357839015305,-0.01691830514447182,-0.4677125331888375,0.402686972937779,0.16221140383847232,0.38267461877388914,0.7003946076401681,0.26900679382847403,-0.1749175660770673,0.30246729648295445
19,0.4413858268342249,0.7045739803574249,0.6345097901763238,-0.36992117274829317,-0.35047560925897125,-0.2419112877378565,-0.25177284538874034,0.04071078525364946,-0.09686759343197247,-0.16482821308158235,-0.11622494400431013,-0.29787130072008333,-0.2572570931923392,-0.1318787181865946,-0.34004674106215416,-0.2950954363958536,-0.3176784695819282,-0.34447738640274894,-0.27567628437349123,-0.1265582241343251,-0.26446913208917333,-0.12181913632902075,-0.17509098677101614,0.6457132161804663,-0.1313786733277787,-0.28720300380541713,-0.14578457206317819,-0.14772580655189538,-0.2381923071296299,-0.03237648193899673,-0.19335112485012762,0.6690329960337296,-0.1662411325464907,-0.0969494092064821,-0.2283993401961267,0.14920703467508561,-0.19247294749031765,-0.098569591304707,1.0,-0.0641619107508611,0.1122861411584378,-0.02381578878156725,-0.138662689056166,-0.0740834896525751,-0.12247599776380626,-0.1481304564842001,0.10921161313960094,0.37304284373565305,-0.001320410613760816
20,-0.008582066233284497,-0.105285860867012,-0.08155343369359754,0.35682890232848535,0.14747830099914527,0.11903071184276312,0.027656683352248728,-0.06389454197832767,0.005038800161970204,-0.01468103643446061,-0.020896792232775768,-0.06330562263673048,0.017473759074603797,0.0391701523808376,0.02140861814724521,-0.03582674926146894,0.0029680147617023086,-0.0035038260306461807,-0.016613428269011195,0.025441037199212212,0.008020853700460883,-0.01241743669583712,-0.00965108225576617,-0.07497353104992219,0.04579256701890723,0.1344397700463781,0.019464216337332963,-0.00012761788988015953,0.006250291418201553,-0.02872185616267646,-0.026102264088454005,-0.08014881090261113,-0.010982531517300354,-0.016185080783179876,0.010407270216603573,-0.011205372423144871,0.10730604484036203,0.02372357839015305,-0.0641619107508611,1.0,-0.2765278296625385,-0.030037244951225044,-0.00043256129989991174,-0.04780612381505896,0.08056506562699439,-0.006061064179094616,-0.073655288594751,0.01568138143152405,0.013209457611842756
